0196494475
0122126448
0125877243
0125158404
0056838164
0122282218
0122818898
0122211017
0194473072
0192196616
0122060388
0122222989
0162327992
0123600051
0123089091
0123988013
0173177002
0162037723
123003666
0122681133
0196646713
60122097262
0123202210
0173333888
166299666
102205835
0192877818
123827351
0165368674
0122839768
0193388300
0123388300
60163782255
0124280562
0124280562
0122030488
60123856050
0172890080
0122038413
0122787225
60122999777
0192818777
0128384038
0122331233
0168028746
0129020069